277
256
300
280
263
298
281
269
283
276
276
284
277
276
280
274
277
275
277
278
279
276
268
270
279
273
262
300
270
255
299
279
251
300
272
248
305
277
242
337
272
229
314
284
279
302
284
281
1396
279
613
283
279
282
277
277
274
278
274
274
268
274
263
230
332
274
234
358
281
216
344
276
264
306
289
273
287
278
270
262
254
247
236
231
218
202
197
186
173
176
134
111
108
80
49
60
27
8
2
-1
-1
0
5
1
1
-2
-2
2
-1
2
-1
3
23
48
73
173
174
186
237
447
267
243
254
262
229
341
262
207
345
276
204
346
