562
489
723
595
436
706
624
-401
2056
811
10
1435
608
232
1211
700
354
712
607
430
574
606
381
278
587
171
77
630
120
-307
2055
32
-866
2056
127
459
723
576
452
711
600
435
745
617
475
713
623
525
716
626
526
681
604
567
655
580
579
610
591
586
599
582
570
588
597
580
546
600
597
572
578
590
557
649
594
543
654
604
471
696
615
509
688
648
580
624
550
609
575
602
626
584
606
591
591
582
592
575
629
532
513
753
594
467
728
609
448
727
602
535
699
624
577
618
598
604
649
606
576
599
619
569
1051
618
299
800
577
355
646
618
276
463
572
164
325
748
85
-81
1689
294
-918
2057
486
-943
2056
739
-395
1864
743
-90
1416
609
169
1088
548
230
777
500
506
494
481
490
480
485
472
449
678
44
-790
1665
276
-832
1575
329
-804
1432
480
-194
996
332
-3
572
239
91
136
128
18
-91
92
17
0
0
0
2
-1
2
0
0
1
2
-1
2
1
-2
-1
-1
0
0
-1
0
1
1
1
2
1
-3
2
0
2
18
58
67
161
153
97
209
216
133
196
234
178
72
382
69
-270
1166
206
-626
1652
419
-873
1868
592
-772
2009
592
488
596
554
509
