6
3
3
5
5
3
3
1
3
5
4
2
0
-9
13
0
-1
-3
-1
2
103
8
11
37
326
280
9
4
-2
2
1
0
-13
35
1
-15
27
2
-21
30
9
-11
15
35
-13
79
29
5
24
23
18
20
23
23
22
28
15
4
56
-13
-43
194
26
-115
248
68
-129
239
98
16
122
88
68
57
81
9
-58
210
5
-170
380
116
-238
466
171
-89
390
172
27
193
159
75
168
542
108
193
151
180
113
144
-69
-171
590
15
-321
719
143
-381
796
213
-406
819
280
-291
663
279
110
192
195
161
204
210
163
47
217
-68
-164
1060
107
-907
1793
791
-1387
2056
292
-640
1103
388
-339
959
367
131
301
299
230
125
285
-88
-194
1185
118
-637
1291
304
-754
1366
432
-464
1150
443
31
753
415
171
403
729
651
359
374
18
-10
473
-187
-228
1010
-28
-492
1486
73
-639
1645
198
-738
1666
334
-853
1756
435
-936
1782
509
-903
1817
571
-842
1823
667
-157
1234
588
113
745
476
311
458
478
360
403
463
404
332
487
399
167
482
-104
-486
2052
172
-743
2056
333
-890
2055
557
-1015
2055
709
-800
2055
790
-287
2055
793
142
948
725
326
666
823
411
606
624
636
346
597
-6
52
1718
-66
59
2057
98
-792
2057
353
-922
2056
488
-877
2056
646
-969
2055
823
146
1110
760
1122
736
688
1374
662
632
500
430
620
337
139
658
-174
-115
1911
60
-400
2056
208
-734
2056
683
-1115
2056
622
-961
2054
1880
-1495
2056
861
-1791
2057
983
-943
2055
2059
114
1161
738
259
799
682
375
772
709
1263
723
671
462
602
642
503
526
616
1965
430
621
323
153
1897
195
-558
2057
854
-1299
2056
2054
-1546
2056
1291
-205
2055
1862
332
1399
1386
1054
1049
610
421
938
584
451
792
2058
-127
-683
2058
226
-850
2056
924
42
1205
596
472
1371
1011
284
1003
845
509
485
729
369
250
436
369
136
430
-62
26
1674
1042
141
408
384
299
310
366
315
191
358
200
18
887
-189
-242
1409
14
-478
1416
273
-712
1342
514
-409
1151
890
-42
-704
2056
1353
-49
1194
1359
207
-13
983
184
-626
1056
759
135
485
593
-9
-338
871
236
-381
343
223
160
501
921
429
16
560
110
-509
438
336
130
-1
2057
580
-347
1523
585
91
295
105
8
-177
339
228
46
68
237
671
-1327
233
34
-72
125
34
-40
57
25
-52
232
61
-44
34
9
6
21
586
10
141
110
465
0
10
2
-4
81
18
-501
5
1
-1
102
39
-7
778
522
85
11
135
33
6
21
31
31
29
28
