514
567
513
618
564
504
616
574
510
617
582
541
596
587
564
550
554
556
530
606
584
539
588
582
574
1525
649
579
502
604
544
420
589
561
330
523
402
248
387
298
374
479
411
353
335
293
197
370
360
376
317
306
1
-1
1
0
-2
-1
0
0
0
0
4
64
295
87
13
2
0
2
1
1
1
2
0
1
1
0
1
1
1
3
1
6
7
16
19
26
53
49
48
84
90
100
124
125
136
145
139
165
176
193
182
179
265
234
193
328
305
236
352
310
304
331
336
348
360
375
384
358
450
382
351
535
406
332
571
484
357
576
510
461
513
530
657
538
672
758
527
616
527
447
696
562
458
703
592
444
701
587
449
711
593
481
684
604
501
678
614
533
652
599
568
588
725
756
760
678
604
561
673
648
557
629
611
561
643
613
571
654
617
584
631
608
