514
641
519
581
539
519
587
544
532
546
541
539
507
541
500
479
549
483
483
651
520
490
718
590
444
696
626
516
648
601
599
601
599
558
586
611
571
546
716
593
494
721
583
464
710
603
456
738
613
468
728
593
448
710
606
542
651
633
604
627
577
572
562
591
593
578
568
541
565
537
505
503
569
457
417
590
425
363
530
451
336
523
425
317
522
417
339
458
405
343
380
366
358
347
314
295
312
307
276
276
245
244
234
241
202
184
208
160
121
169
117
90
140
89
63
85
53
35
29
20
9
5
0
2
-3
3
3
2
1
1
0
1
0
0
-1
-1
0
-2
3
2
-1
-1
-1
3
-2
0
2
-1
1
4
-1
2
1
8
11
11
22
24
53
51
59
85
66
100
94
141
142
90
148
174
172
150
264
231
217
230
290
281
252
344
303
239
385
317
328
337
365
348
305
467
410
420
405
417
419
398
534
455
335
564
474
492
448
459
449
415
556
535
-231
1444
498
346
586
510
422
176
1273
158
-556
2010
563
-926
2001
623
558
654
608
562
610
624
561
587
588
585
567
632
603
573
600
599
554
589
584
522
716
572
493
711
545
439
678
533
442
594
506
374
592
511
360
549
424
369
449
387
368
349
340
364
309
330
284
238
355
254
186
303
227
180
227
160
130
96
73
43
35
21
11
6
5
-1
-1
1
0
0
1
0
0
-1
0
0
1
0
