-398
-977
-660
-322
-1130
2051
54
-1164
2052
183
-1137
2052
405
-1075
2054
505
-997
2054
492
-84
1370
-40
557
-97
-327
832
-117
-614
2010
163
-842
2058
54
-928
2056
-378
-1058
529
-914
-1094
-440
-1001
-520
55
-1171
2052
361
-1047
2053
531
-789
2054
383
-312
1629
77
294
215
-344
998
-56
-748
2059
194
-926
2057
17
-963
2054
-234
-1031
2047
-1120
2050
125
-1153
2053
354
-1017
2053
94
644
-120
-708
2060
190
-921
2056
-65
-987
2053
-391
-1036
999
-932
-1087
-349
-1094
2052
62
-1154
2052
364
-799
2056
388
-164
1271
-37
344
100
-263
1210
-108
-641
2060
141
-835
2058
-286
-1024
2050
-504
-1040
1491
-708
-1077
-151
-911
-1100
-441
-1012
-616
-274
-1129
2052
88
-1139
2052
371
-1066
2054
493
-899
2055
482
