589
577
628
587
563
644
599
561
641
605
539
650
600
542
639
605
567
618
588
592
608
601
591
592
610
626
592
615
573
586
587
554
558
586
583
554
695
559
485
727
564
434
719
578
445
720
572
476
650
572
478
580
531
493
550
470
458
491
463
430
430
429
385
348
379
346
322
338
300
266
292
203
165
267
193
127
210
158
105
118
99
73
104
87
84
78
22
1
0
0
1
0
3
3
0
-1
0
1
2
-1
2
1
-1
1
1
7
17
58
58
62
145
130
125
235
197
163
285
246
170
375
302
229
382
352
316
403
415
378
447
390
403
444
415
411
481
449
517
497
500
532
500
537
532
496
523
515
530
632
570
508
721
576
496
719
566
492
737
600
445
729
599
433
711
620
609
639
592
580
584
564
565
540
668
552
523
698
572
475
706
584
474
