-3
-3
-3
-3
-3
-3
-3
-2
-3
-3
-5
-3
-3
-3
-3
-5
-5
-3
-3
-3
-3
-3
-3
-3
28
-2
-3
-3
-3
-4
1
0
-2
-2
888
77
143
230
309
1193
449
572
541
1424
717
573
723
595
589
588
585
1282
948
643
611
713
673
572
572
571
569
570
575
571
570
570
572
569
572
569
572
571
571
568
571
569
569
571
572
568
572
568
570
568
569
569
570
568
570
568
564
562
552
623
538
562
696
526
620
591
544
552
479
470
468
461
495
454
442
441
430
423
422
412
407
405
399
401
397
379
371
367
361
354
346
347
336
329
325
315
308
302
296
289
284
277
282
248
243
232
220
204
191
178
165
150
133
121
111
86
69
58
43
29
14
8
3
-2
-3
7
6
6
-3
-2
2
121
267
171
2
151
6
93
15
10
18
15
38
118
102
148
148
146
150
148
144
116
151
145
162
154
123
-1
141
278
297
299
314
90
0
-3
-3
-3
2
5
18
21
22
19
22
21
21
19
18
18
18
18
19
18
19
17
15
16
15
13
14
13
13
13
12
12
14
12
11
10
11
11
11
13
19
31
42
51
62
69
78
89
104
107
114
122
132
138
147
154
157
162
169
176
182
190
198
210
222
227
230
240
246
251
259
265
270
275
284
293
296
305
311
314
322
326
331
335
342
345
353
357
365
372
378
378
390
395
400
408
416
421
427
435
442
446
452
459
468
474
479
485
494
501
509
515
521
528
533
540
546
553
557
564
564
567
572
567
568
568
570
569
570
571
572
570
572
570
570
572
569
570
571
570
572
588
636
617
1033
597
563
572
571
570
571
572
572
570
571
