-89
-87
-89
-89
-87
-88
-87
-87
-88
-88
-89
-88
-86
-89
-87
-89
-89
-87
-87
-87
-88
-88
-87
-86
-86
-88
-87
-89
-89
-88
-87
-89
-90
-88
-87
-89
-86
-88
-88
-86
-87
-88
-88
-86
-87
-87
-86
-88
-87
-89
-88
-87
-87
-88
-90
-89
-88
-90
-86
-87
-89
-87
-88
-87
-86
-88
-87
-87
-85
-86
-85
-88
-90
-84
-88
773
924
927
931
925
928
929
928
929
929
929
930
929
927
928
927
931
930
928
930
926
928
926
927
929
927
930
929
926
932
929
928
928
927
931
929
929
928
928
928
929
929
926
929
928
931
930
928
929
928
927
927
928
930
928
930
926
928
928
926
931
928
933
930
927
928
927
928
928
929
930
929
927
929
928
929
931
927
925
932
929
926
929
927
929
935
934
922
932
926
927
931
930
926
927
929
927
930
928
931
928
929
931
930
931
927
926
926
929
928
930
928
926
928
928
932
929
927
929
927
928
931
927
927
928
928
927
928
931
929
929
930
926
930
928
929
928
927
928
929
929
928
928
929
931
929
929
929
927
927
927
929
929
927
926
928
931
929
928
930
928
931
929
930
928
929
928
926
926
929
928
928
934
930
926
926
930
936
934
923
928
928
927
928
928
929
929
929
927
925
920
926
921
930
932
929
928
929
927
929
928
929
928
928
928
928
927
929
928
928
928
929
929
928
928
928
929
931
928
927
929
930
929
927
930
931
926
928
930
929
930
929
929
927
927
925
927
927
927
928
925
930
928
928
928
927
926
930
930
930
928
928
928
929
929
929
925
925
930
927
927
927
928
928
929
929
927
927
928
928
929
931
931
928
927
925
927
930
930
927
930
928
928
928
929
926
929
927
926
928
928
926
928
928
928
928
931
926
926
929
931
931
928
931
927
929
930
927
930
928
931
933
928
927
929
932
937
927
929
928
933
928
931
934
931
926
921
929
924
928
927
926
928
928
931
929
929
933
933
930
931
930
926
927
930
930
932
930
927
930
930
930
932
931
927
932
932
930
930
932
928
929
931
933
931
929
929
931
930
929
928
927
931
927
928
928
929
928
929
931
928
927
926
929
928
930
929
928
928
927
928
928
930
930
929
929
931
930
931
930
931
936
936
12
12
15
16
14
16
13
14
14
15
15
12
14
15
13
17
16
15
15
14
15
16
15
14
16
13
14
16
15
15
12
13
15
14
18
15
13
15
16
16
16
15
13
15
13
14
14
14
15
15
16
16
14
14
17
16
16
14
13
15
13
14
14
14
15
13
16
16
16
14
16
16
16
15
14
14
14
14
13
15
15
13
15
16
16
16
13
13
14
14
15
12
12
14
14
16
15
13
14
15
15
16
14
13
15
15
15
15
13
14
13
16
15
15
15
14
15
15
17
15
16
13
14
15
15
15
12
14
15
14
16
14
14
15
15
16
15
16
15
16
16
14
15
14
14
13
15
15
14
15
14
15
16
16
14
15
15
14
16
15
14
14
14
15
13
15
15
13
16
15
15
15
15
15
16
16
14
15
14
14
15
16
15
14
15
15
15
15
15
15
15
14
14
15
14
14
14
16
16
12
15
15
14
16
15
15
14
16
15
16
14
14
14
14
15
14
15
14
11
16
16
15
15
14
16
16
14
14
14
13
14
14
15
15
12
14
15
15
18
15
14
15
15
17
16
15
13
15
14
14
14
14
14
11
15
15
14
16
14
15
16
16
15
15
13
13
16
14
14
14
14
15
13
17
15
13
17
16
15
15
13
14
15
15
14
12
15
15
13
16
16
13
15
15
16
16
15
14
16
14
14
15
14
14
14
15
16
12
15
15
15
16
16
14
15
16
16
16
14
13
14
14
15
14
15
14
11
15
16
15
16
14
16
16
15
14
16
13
14
16
14
14
13
14
15
13
16
14
13
16
15
15
16
15
14
16
16
14
13
13
15
12
15
15
14
16
15
15
16
16
14
15
17
16
16
15
16
16
15
14
13
15
14
14
14
14
15
13
15
16
12
15
15
15
16
15
14
15
16
14
15
14
14
13
14
15
12
14
14
14
17
16
14
15
14
16
17
15
14
14
13
14
14
14
14
11
14
16
14
16
15
13
15
16
15
16
15
14
16
15
14
13
14
14
13
14
16
14
15
16
15
16
15
15
16
14
14
14
13
13
14
16
15
13
15
15
15
17
16
14
14
14
14
15
14
13
12
15
16
13
15
15
15
16
15
14
15
14
14
15
15
15
13
15
16
14
16
14
14
16
15
15
16
13
14
16
14
14
12
14
16
14
16
15
13
16
16
16
16
16
14
16
15
14
14
13
15
14
14
16
14
15
15
15
16
15
14
16
14
14
16
13
13
14
15
15
12
15
15
14
17
16
14
16
14
14
16
14
14
13
14
15
13
16
14
14
16
16
13
14
14
14
15
14
14
12
15
16
15
16
14
15
16
17
16
15
13
14
15
14
14
12
13
15
14
16
15
14
15
16
16
16
14
14
16
15
14
14
13
14
12
15
15
13
15
15
16
17
17
15
16
14
14
14
14
14
12
15
16
13
16
15
15
16
16
15
15
15
13
16
14
13
14
14
15
12
15
14
13
17
16
15
16
15
15
16
16
14
15
13
14
14
14
15
13
17
16
15
16
16
14
15
15
14
12
14
15
14
16
15
15
16
15
14
14
13
15
13
17
15
15
15
18
15
16
13
13
15
13
11
5
3
3
-1
-2
-6
-10
-9
-9
-13
-12
-16
-17
-15
-15
-14
-18
-16
-15
-16
-13
-14
-16
-15
-14
-13
-12
-15
-17
-15
-15
-14
-15
-16
-15
-15
-11
-12
-14
-13
-12
-11
-11
-12
-14
-13
-13
-12
-12
-13
-11
-15
-11
-10
-12
-9
-10
-11
-9
-8
-9
-11
-10
-9
-12
-9
-10
-10
-7
-7
-7
-8
-8
-8
-6
-9
-8
-8
-9
-7
-9
-5
-7
-8
-6
-5
-5
-5
-4
-5
-4
-5
-6
-4
-6
-6
-6
-5
-4
-7
-4
-4
-4
-3
-2
-3
-2
-4
-4
-2
-4
-4
-4
-4
-1
-4
-1
-3
-2
-1
0
-1
0
-3
-2
-1
-1
-2
-4
-2
-1
-1
0
-1
-2
0
3
1
1
0
-1
2
2
0
-1
-1
2
1
3
1
1
3
5
3
4
2
1
1
3
4
2
3
4
5
5
5
5
5
5
4
5
5
4
5
6
7
4
7
5
6
8
7
6
6
7
6
7
7
6
6
7
9
6
7
8
7
9
10
9
8
10
8
11
9
8
9
9
10
9
11
9
10
10
11
10
11
9
9
12
10
10
10
10
11
10
13
11
11
10
12
12
13
12
10
10
11
10
13
11
11
9
12
12
12
12
11
11
12
13
13
11
10
10
12
12
11
11
13
12
