16
16
15
14
15
16
13
15
14
13
15
16
15
13
13
15
15
16
14
15
15
16
16
16
14
13
15
14
14
14
14
14
13
16
16
14
15
15
16
15
17
15
14
14
14
14
14
14
13
15
15
15
15
15
15
16
17
14
16
15
13
15
14
14
14
15
16
15
15
15
14
15
16
16
15
14
13
15
15
14
13
15
15
14
16
14
14
16
16
15
16
13
13
15
14
15
14
13
15
15
16
14
15
14
16
16
15
14
12
15
15
15
14
13
13
15
16
15
15
15
16
16
16
15
13
15
14
14
14
14
13
13
16
15
15
16
15
15
16
16
15
14
14
14
15
14
14
12
15
15
16
16
14
15
17
14
13
14
13
15
13
14
13
14
16
15
16
15
15
15
12
14
15
12
17
15
16
14
14
14
14
15
13
12
15
15
14
16
14
15
16
17
16
16
14
13
15
15
15
10
13
15
14
16
14
14
16
16
17
17
13
13
14
15
15
11
14
15
15
16
14
14
15
16
16
17
14
14
15
14
15
13
14
15
12
16
16
14
14
14
14
16
14
14
15
13
14
15
15
15
12
15
15
15
16
14
13
15
16
15
16
13
13
15
15
16
13
12
14
15
16
15
14
15
14
14
15
13
14
12
16
16
14
14
15
15
16
15
12
14
15
14
14
13
14
13
16
16
15
14
15
15
16
14
13
14
14
15
13
15
15
14
16
16
16
15
17
14
15
14
14
14
14
13
13
15
14
14
14
16
16
16
14
13
15
15
14
13
13
14
14
17
16
14
14
16
16
16
15
13
13
14
15
13
13
15
14
16
14
15
15
15
16
16
14
14
15
14
15
12
14
15
16
14
14
15
12
16
15
15
14
14
15
15
15
13
15
14
14
15
15
14
11
16
15
15
16
15
14
16
15
14
15
14
13
13
15
16
13
15
15
15
16
16
14
15
15
16
16
14
14
13
14
15
13
16
15
14
16
16
15
15
14
15
16
14
14
14
13
15
13
16
15
13
16
16
16
16
14
13
15
14
14
14
13
15
13
16
16
14
15
16
15
17
14
13
16
14
15
12
15
14
16
16
15
15
17
15
14
16
13
13
13
15
17
13
14
15
15
16
17
14
16
15
15
16
13
14
12
16
16
14
13
13
11
11
3
-1
-3
-7
-7
-11
-12
-13
-14
-14
-12
-15
-14
-16
-16
-14
-16
-16
-17
-17
-14
-16
-14
-15
-15
-15
-12
-14
-15
-16
-16
-13
-14
-14
-16
-15
-13
-13
-11
-13
-12
-13
-11
-11
-11
-13
-14
-11
-12
-11
-15
-12
-11
-11
-9
-9
-11
-10
-10
-10
-10
-10
-10
-11
-7
-8
-10
-9
-8
-7
-7
-9
-10
-9
-8
-8
-9
-7
-8
-7
-5
-6
-5
-7
-5
-5
-5
-6
-7
-6
-6
-6
-6
-6
-5
-7
-3
-3
-4
-4
-5
-3
-2
-4
-5
-4
-5
-4
-4
-3
-3
-5
-2
-2
-2
-1
-2
-2
0
-2
-2
-2
-2
-2
-3
-2
-1
-4
-1
0
1
2
2
-1
0
0
0
0
-1
-1
-1
3
1
0
1
1
3
3
2
0
1
2
3
1
3
3
2
5
4
4
5
3
4
5
4
4
3
5
6
4
5
5
6
6
6
6
6
3
6
7
6
6
5
6
7
6
7
7
6
8
10
9
8
7
7
9
9
10
5
8
10
9
9
9
8
9
11
11
12
8
8
10
10
10
8
8
10
9
12
12
11
11
11
11
13
10
9
10
10
11
9
9
11
10
11
12
12
11
12
10
13
12
10
10
10
11
9
11
11
10
12
14
11
11
9
11
11
11
11
9
12
12
13
13
12
12
13
13
12
11
11
11
10
11
12
10
13
13
13
12
14
12
13
12
12
13
11
11
11
12
14
12
13
12
13
13
15
13
13
13
13
13
12
13
12
15
14
14
13
15
13
15
14
13
13
14
14
12
15
14
14
16
15
14
15
14
14
15
14
14
12
15
16
15
14
14
15
16
15
14
14
13
14
14
14
14
12
12
14
14
14
16
15
15
15
15
14
16
14
13
13
15
15
13
16
13
16
16
16
12
13
15
14
14
13
15
14
16
15
14
14
14
16
17
14
13
13
14
15
14
15
14
12
17
16
15
14
15
14
15
15
14
14
14
14
16
15
15
11
14
15
15
16
14
14
15
17
16
16
14
13
14
16
15
11
14
15
15
16
15
15
16
14
15
16
13
13
13
14
15
12
15
15
15
16
13
14
14
14
14
13
14
15
14
17
16
15
14
16
16
17
14
14
14
14
15
14
13
15
14
16
16
14
15
16
14
16
14
14
13
14
15
14
16
14
15
16
17
15
14
9
7
5
2
-2
-8
-8
-9
-12
-11
-14
-15
-15
-13
-14
-14
-17
-17
-16
-16
-16
-17
-18
-15
-17
-15
-15
-16
-15
-13
-14
-13
-16
-18
-15
-15
-15
-18
-16
-15
-16
-14
-13
-15
-15
-12
-14
-12
-16
-16
-15
-13
-13
-14
-14
-13
-12
-11
-13
-14
-13
-13
-12
-13
-13
-13
-17
-11
-11
-12
-12
-10
-11
-9
-11
-13
-11
-11
-12
-13
-11
-10
-11
-9
-10
-10
-10
-10
-11
-8
-9
-11
-11
-9
-10
-11
-10
-10
-11
-9
-7
-8
-9
-8
-9
-7
-7
-8
-8
-9
-8
-9
-8
-7
-9
-7
-7
-6
-6
-5
-8
-5
-7
-7
-6
-7
-6
-8
-6
-6
-6
-6
-6
-4
-4
-3
-5
-3
-5
-4
-4
-5
-5
-6
-4
-4
-4
-4
-2
-3
-2
-4
-4
-3
-3
-2
-3
-4
-1
-1
-1
-2
-4
-2
-2
-1
-4
-2
-3
-2
1
0
-1
-1
-1
-1
1
0
-3
0
-1
0
0
0
0
-1
2
1
1
1
1
1
3
3
1
1
0
2
3
3
2
0
2
3
3
5
3
2
3
5
4
5
2
1
4
4
4
2
3
4
4
7
6
4
5
5
7
7
5
4
5
5
6
6
6
5
5
9
7
7
6
7
6
4
7
7
8
10
8
8
7
10
8
9
8
6
7
9
9
7
7
8
8
10
10
9
9
9
10
12
10
9
9
8
9
9
9
9
7
12
12
11
12
11
11
12
13
12
12
11
9
10
12
11
8
11
12
12
14
12
12
12
13
14
14
11
11
12
12
13
11
11
13
12
16
14
14
13
13
15
15
16
14
14
13
13
14
13
12
11
13
15
13
15
13
15
14
15
16
14
12
14
14
14
14
11
12
15
13
17
14
15
16
16
16
16
14
14
13
14
15
13
15
16
16
15
15
16
16
14
14
14
14
14
13
14
15
13
14
15
14
15
16
13
15
15
22
23
20
20
18
20
20
17
19
17
18
19
18
18
19
17
