2013
2014
2011
2013
2012
2012
2012
2010
2013
2011
2012
2013
2013
2013
2010
2013
2011
2013
2011
2010
2013
2010
2012
2012
2012
2011
2012
2012
2011
2013
2011
2012
2011
2010
2011
2012
2011
2013
2012
2012
2011
2012
2013
2013
2012
2012
2012
2012
2008
2012
2012
2010
2012
2012
2012
2012
2013
1705
1233
1106
940
819
1011
994
1250
1256
776
753
627
894
715
700
702
688
970
776
686
2012
2012
2014
2012
2013
2012
2015
2012
2011
2007
2012
2011
2012
2012
2013
2013
2012
2013
2013
2012
2014
2013
2013
2012
2012
2013
2013
2012
2013
2012
2012
2013
2014
2013
2011
2012
2012
2011
2012
210
190
1317
1981
1252
1932
1699
1943
1963
1504
1500
1325
1810
1896
1895
1591
1343
2012
1539
1319
1171
1283
1393
1074
951
679
474
708
699
726
741
822
829
732
806
-2
0
-1
-4
1
0
-2
-1
1
1
1
0
0
1
3
2
0
-1
0
-2
-1
0
-1
1
12
39
67
90
118
140
165
185
198
198
201
202
198
201
201
200
201
203
201
203
203
201
206
202
202
201
205
202
199
204
202
201
202
197
198
202
201
190
192
188
191
192
194
194
190
192
193
192
196
198
197
199
199
197
195
195
195
193
192
193
193
197
197
194
197
198
197
199
199
200
201
202
203
200
202
201
201
201
201
198
199
200
200
197
201
200
199
204
202
201
201
202
200
198
201
200
2061
2061
2060
2061
2060
2062
2060
2061
2062
2061
2062
2060
2061
2061
190
192
191
190
193
190
192
2062
2061
2060
2061
2061
2061
2061
2062
2060
205
204
203
203
203
201
204
201
201
200
2061
2060
2061
2061
201
202
199
200
200
203
202
203
201
201
202
200
202
201
199
201
200
199
200
198
201
2061
2062
2060
201
202
199
202
198
201
2061
2061
200
201
199
201
2060
201
198
200
201
2059
200
200
1641
200
201
202
2061
201
200
2061
2060
195
201
2059
199
202
2061
201
203
2062
202
201
198
199
2059
203
2061
2059
202
201
202
202
201
202
198
201
200
205
201
199
203
201
200
203
205
201
203
200
203
202
201
202
202
201
202
205
203
208
205
203
202
202
201
206
207
203
206
205
204
202
204
202
204
207
201
202
200
202
202
199
200
201
199
196
199
198
199
200
203
201
197
200
200
200
199
198
197
200
200
197
201
201
198
199
200
198
198
199
198
199
198
199
200
199
199
200
200
201
198
199
199
199
198
201
198
199
201
199
201
200
200
200
202
200
201
199
200
200
201
197
199
198
197
198
203
199
201
202
203
201
202
201
199
201
200
200
202
201
200
199
200
201
202
200
203
200
199
202
199
201
200
199
200
202
200
198
203
203
201
198
200
200
201
202
201
160
204
205
205
200
204
204
179
190
190
191
195
197
196
370
200
218
205
314
193
188
188
189
192
306
196
358
192
226
200
339
197
295
197
197
196
226
202
190
190
196
189
190
189
192
192
193
190
194
189
189
192
191
192
192
192
188
188
189
190
194
189
192
190
190
190
191
192
190
190
191
190
193
194
192
190
189
189
193
192
191
192
191
200
188
172
190
189
184
194
190
190
191
188
191
189
192
195
192
193
194
