571
570
570
572
570
570
572
570
570
572
570
567
491
572
573
2059
1669
1959
983
573
576
570
586
574
566
572
572
572
572
572
567
569
568
567
573
569
567
567
570
570
570
570
571
568
566
566
560
565
566
557
551
545
534
528
524
514
508
502
494
491
498
497
492
480
469
467
452
444
438
432
430
420
412
405
401
391
386
379
371
366
362
355
347
343
333
323
315
301
289
279
270
261
255
245
234
225
212
203
193
188
177
168
164
155
146
140
134
130
127
123
117
114
111
104
94
88
78
77
75
66
55
40
32
29
20
13
9
6
6
5
4
5
5
4
5
5
5
6
7
11
20
35
45
49
54
50
52
51
53
52
50
49
50
52
51
52
50
53
52
52
51
51
52
52
50
52
59
76
89
102
125
140
161
173
186
204
219
237
256
275
294
310
328
347
372
384
397
412
426
440
453
465
475
488
496
498
501
507
510
509
516
524
526
534
539
541
545
551
550
555
565
563
565
565
567
564
569
564
565
566
567
564
566
566
566
566
569
569
568
570
568
568
569
569
570
568
569
569
568
568
568
568
569
567
567
569
570
568
568
567
567
568
568
566
568
