64
77
81
87
99
253
78
78
265
90
81
92
92
110
113
79
115
83
101
59
101
102
101
99
99
101
99
68
62
62
63
57
57
58
99
99
98
58
99
98
99
98
110
59
59
100
101
59
59
531
12
560
67
208
513
363
573
600
106
103
102
181
951
1851
694
403
338
178
109
111
111
178
171
114
101
127
219
60
124
78
74
77
69
101
102
103
138
100
102
109
102
99
101
127
102
106
102
101
103
100
347
347
331
333
346
346
343
344
341
323
100
102
99
98
100
100
98
100
101
101
101
65
65
61
60
60
59
59
57
61
59
61
-1
74
6
5
2
4
2
179
217
131
329
247
284
313
347
62
426
105
102
102
102
100
102
102
102
103
61
103
103
101
102
62
102
61
102
102
103
103
100
102
102
102
101
99
100
101
102
102
62
101
105
422
344
259
141
96
301
97
85
79
64
12
60
100
57
60
99
117
109
111
164
60
108
161
102
61
61
101
61
105
60
59
100
128
190
186
187
188
185
186
183
187
184
187
183
183
77
99
100
101
62
62
100
61
70
100
101
101
102
99
60
130
68
99
99
100
100
60
99
99
99
100
69
99
100
60
62
61
62
102
102
101
104
101
102
