2061
2063
2062
2063
2063
2063
2062
2063
2064
2065
2063
2064
2063
2064
2063
2063
2063
2064
2063
2062
2063
2064
2064
2062
2064
2064
2064
2065
2064
2064
2064
2065
2063
2064
2063
2063
2064
2064
2065
2064
2063
2063
2063
2064
2064
2063
2063
2063
2063
2064
2063
2063
2063
2064
2063
2066
2064
2065
2063
2064
2064
2063
2063
2064
2064
2063
2064
2063
2062
2064
2064
2063
2064
2062
2062
2064
2063
2065
2063
2063
2063
2064
2065
2064
2063
2064
2062
2063
2064
2064
2064
2064
2064
2064
2065
2063
2064
2065
2064
2066
2064
2065
2063
2064
2063
2064
2063
2063
2063
2064
2065
2062
2062
2062
2062
2062
2063
2063
2063
2063
2063
2063
2062
2062
2062
2063
2059
2062
2062
2062
2062
2063
2062
2063
2063
2062
2063
2062
2064
2062
2062
2062
2062
2063
2062
2063
2063
2063
2062
2063
2062
2062
2063
2063
2065
2062
2062
2062
2064
2063
2062
2063
2062
2062
2062
2062
2062
2063
2063
2063
2064
2062
2062
2062
2062
2064
2064
2065
2065
2063
2063
2063
2064
2064
2062
2062
2063
2063
2064
2064
2065
2066
