-1842
-1842
-1843
-1843
-1802
-1842
-1842
-1842
-1841
-1842
-1841
-1802
-1842
-1802
-1843
-1842
-1842
-1801
-1841
-1842
-1841
-1801
-1842
-1802
-1842
-1841
-1842
-1843
-1841
-1842
-1842
-1842
-1842
-1802
-1843
-1842
-1844
-1843
-1842
-1842
-1842
-1842
-1841
-1842
-1842
-1842
-1842
-1842
-1843
-1802
-1842
-1844
-1802
-1842
-1842
-1842
-1842
-1842
-1802
-1842
-1842
-1802
-1802
-1842
-1842
-1802
-1842
-1842
-1802
-1802
-1842
-1802
-1842
-1842
-1843
-1842
-1841
-1842
-1803
-1841
-1843
-1842
-1842
-1842
-1802
-1842
-1843
-1802
-1842
-1842
-1843
-1843
-1843
-1842
-1843
-1842
-1842
-1842
-1842
-1843
-1802
-1843
-1841
-1842
-1841
-1844
-1802
-1802
-1843
-1801
-1843
-1842
-1843
-1841
-1843
-1842
-1842
-1843
-1802
-1803
-1842
-1842
-1842
-1842
-1842
-1843
-1843
-1803
-1842
-1842
-1842
-1842
-1843
-1842
-1842
-1842
-1843
-1841
-1803
-1842
-1843
-1843
-1841
-1842
-1802
-1843
-1842
-1841
-1843
-1843
-1802
-1842
-1843
-1843
-1801
-1802
-1842
-1802
-1842
-1842
-1842
-1842
-1841
-1843
-1843
-1842
-1843
-1802
-1842
-1843
-1842
-1842
-1842
-1802
-1842
-1842
-1802
-1842
-1842
-1841
-1842
-1842
-1843
-1842
-1843
-1802
-1802
-1843
-1843
-1842
-1841
-1843
-1803
-1843
-1842
0
0
0
0
0
0
0
0
0
0
0
0
0
0
0
0
0
-1681
-1800
-1842
-1842
-1843
-1802
-1842
-1841
-1802
-1802
-1843
-1842
-1842
-1842
-1843
-1842
-1841
-1842
-1842
-1843
-1802
-1803
-1801
0
0
0
0
0
0
0
0
0
0
0
0
0
0
0
0
0
0
0
-1640
-1803
-1842
-1842
0
0
0
0
0
0
0
-1639
-1801
-1842
0
0
0
0
0
0
0
0
0
-1680
-1802
-1841
0
0
0
0
0
0
0
0
0
0
0
0
0
0
0
0
0
0
0
0
0
0
0
0
0
0
0
0
0
0
0
0
0
0
0
0
0
0
0
0
0
