789
582
670
673
602
826
1207
604
838
549
605
1076
278
262
1506
82
101
1679
132
753
1682
110
109
1507
66
75
1104
62
324
53
59
502
53
58
314
48
66
123
53
58
132
53
88
98
55
455
55
53
256
56
54
248
56
50
149
52
64
57
53
346
52
61
242
51
62
69
51
61
79
55
58
322
51
139
54
55
121
55
56
60
504
53
65
55
57
52
60
880
65
116
1620
98
156
1555
97
282
144
101
1416
105
101
1553
99
102
1696
96
337
801
114
1476
135
160
1596
98
199
1354
97
384
221
96
1474
100
99
1689
99
99
1442
102
398
1072
403
451
918
409
887
391
121
1082
456
1352
1164
484
963
1316
650
680
1492
110
1038
411
1200
1082
197
54
6
6
56
74
59
48
52
16
33
4
31
71
33
80
221
16
10
14
-11
40
147
74
201
180
219
611
293
296
746
351
366
1037
442
2057
977
480
1038
541
565
1315
505
921
1348
979
905
1535
458
940
1474
542
1015
1255
2060
1120
1808
2061
1489
617
601
1529
2061
632
1528
645
642
1589
799
1095
1184
2063
1334
639
881
1431
500
973
1423
425
1022
1371
519
1006
2066
1334
1456
680
593
1663
875
1182
469
891
1311
615
1108
1242
815
1339
638
580
1217
519
1310
1736
402
227
814
113
50
126
10
45
51
60
58
48
19
3
2
3
0
0
99
53
48
88
62
674
200
326
1022
557
907
1380
466
891
734
588
1435
619
587
1401
612
608
1427
617
819
1257
620
964
822
734
1263
574
918
1237
491
653
1400
450
880
1359
476
887
1323
-1588
200
1561
591
1285
649
595
1325
2063
592
1242
624
595
