0
0
0
0
0
0
0
0
0
0
0
0
0
0
0
0
0
0
0
0
0
0
0
0
0
0
0
0
0
0
0
0
0
0
0
0
0
0
0
0
0
0
0
0
0
0
1721
1923
1923
1964
1963
1964
1922
1964
1962
1963
1963
1963
1963
1963
1962
1921
1964
1923
1923
1925
1963
1963
1964
1963
1963
1963
1963
1965
1964
1963
1922
1963
1962
1922
1964
1963
1963
1923
1923
1963
1963
1963
1923
1923
1924
1963
1963
1963
1923
1964
1963
1963
1963
1923
1963
1963
1923
1923
1963
1923
1965
1963
1964
1963
1964
1963
1964
1964
1963
1963
1963
1963
1963
1963
1963
1963
1923
1963
1963
1923
1963
1964
1963
1963
1963
1963
1963
1963
1963
1963
1963
1963
1923
1963
1964
1963
1963
1923
1964
1964
1963
1962
1922
1923
1963
1963
1964
1963
1963
162
40
40
40
40
40
40
40
40
40
40
40
40
40
40
40
40
40
40
40
40
40
40
40
40
40
40
40
40
40
40
40
40
40
40
40
40
40
40
40
40
40
40
40
40
40
40
40
40
40
40
40
40
40
40
40
40
40
40
40
40
40
40
40
40
40
40
40
40
40
40
40
40
40
40
40
40
40
40
40
40
40
40
40
40
40
40
40
40
40
40
40
40
40
40
-1842
-1883
-1843
-1842
-1883
-1843
-1843
-1842
-1883
-1842
-1843
-1842
-1842
-1842
-121
0
40
40
40
40
40
40
0
40
40
40
40
41
40
41
41
40
40
40
40
40
40
40
40
40
40
40
40
40
40
40
40
40
40
41
40
-40
40
40
40
40
40
40
40
40
40
-1802
-1843
-1883
-1842
-203
-1842
-1842
-1842
-1843
-1842
-1842
-203
-203
-203
-162
-1802
-1842
-1842
-1883
-1842
-1843
-1842
-1842
-1842
-1842
-203
-1802
-1842
-1842
-1842
-1883
-1843
-161
40
40
0
40
40
40
1923
1963
1963
1963
1964
1963
1963
1963
1923
1963
1963
1963
1923
1923
122
40
40
40
0
40
40
40
40
40
40
40
40
40
40
40
40
40
40
40
40
40
80
40
40
40
40
40
40
40
40
40
40
40
40
40
40
0
40
40
40
40
40
40
40
40
40
40
40
40
40
40
40
40
40
40
40
40
40
40
40
40
40
40
40
40
40
40
40
40
40
40
40
40
40
40
40
40
40
40
40
40
40
40
40
40
40
40
40
40
40
40
40
40
40
40
40
40
40
40
40
40
40
40
-81
-81
-81
-81
-81
-81
-81
-81
-81
-81
-81
-81
-81
-81
-81
-81
-1
40
40
40
40
40
40
40
40
1923
1963
1963
1963
1923
1963
1963
1963
1963
1963
1923
1963
80
41
-1802
-1883
-1842
-1842
-1843
-1842
-1842
-1842
-1843
-1843
-1843
-1842
-1842
-1842
-1842
-1843
-1842
-1843
-1842
-1842
-1842
-1842
-1842
-1843
-1842
-1843
-1842
-1842
-1843
-1843
-1842
-1843
-1842
-1842
-1842
-1842
-1842
-1842
-1843
-1843
-1843
-1842
-1843
-1842
-1842
-1843
-1842
-1842
-1842
-1843
-1842
-1842
-1842
-1842
-1842
-1842
-1842
-1842
-1842
-1842
-1843
-1842
-1842
-1842
-1843
-1842
-1842
-1842
-1842
-1843
-1842
-1842
-1842
-1842
-1842
-1843
-1842
-1842
-1842
-1842
-1842
-1842
-1842
-1842
-1842
-1842
-1842
-1843
-1842
-1842
-1842
-1883
-1883
-1842
-1843
-1802
-1844
-1843
-1841
-1802
-1842
-1842
-1843
-1802
0
0
0
0
0
0
0
0
0
0
0
0
0
0
0
0
0
0
0
0
0
0
