13
14
17
14
16
14
15
15
14
17
14
15
14
16
15
13
14
16
16
16
14
16
16
14
17
18
1396
2062
2061
2062
1941
1117
1194
2060
2061
2061
2061
2063
2062
2061
2061
2061
2063
2062
280
281
288
286
309
350
385
387
387
389
386
395
392
388
388
655
1478
1326
870
389
357
330
2062
2061
2061
2060
2061
2060
1219
1071
1107
850
1913
1106
2063
2062
1783
452
61
102
101
67
170
323
59
1077
851
1014
1327
244
2062
2062
1345
1067
1531
1539
1378
1516
1087
323
58
57
58
61
59
57
58
58
57
58
58
58
56
