-15
264
16
25
156
15
0
-105
2
-10
-102
9
-5
-87
-13
7
155
57
4
-37
31
-144
-331
-170
442
-343
-92
-351
-300
-378
-361
-136
-413
-385
-361
-362
-449
-310
-334
-429
-337
-347
-425
-415
-350
-340
-398
-350
-383
-440
-360
-347
-426
23
6
-286
-93
-350
-418
-355
-181
-94
-366
-346
-428
-392
-312
-86
-391
-344
-370
-379
-287
-318
-361
-209
-324
-265
109
-291
81
-258
145
233
-96
307
-251
207
432
-171
347
456
-39
597
436
34
648
313
232
501
205
571
500
216
955
534
205
1335
589
363
1262
501
792
736
359
1296
726
188
1454
699
126
1520
656
209
1218
656
1022
756
749
1390
677
716
1797
676
881
1047
580
1965
766
271
2118
788
2021
1723
828
1555
715
955
1712
744
907
2171
754
1975
818
819
2167
788
1781
965
993
1789
691
2167
742
384
2186
736
1557
889
819
1834
491
1016
2100
687
2080
902
638
1727
889
1741
515
984
1870
456
1040
1877
539
927
2036
643
866
2081
693
1238
1318
744
1991
773
346
2081
731
387
2014
791
1771
759
983
1988
733
1370
1079
683
1848
805
534
2062
2262
1942
2294
950
501
2224
826
402
2125
731
427
2246
785
1081
1468
2030
1694
542
996
1784
585
925
2216
647
1995
728
439
1945
738
1604
554
834
1961
482
1828
2604
313
1188
561
1223
651
541
736
92
1570
1901
127
1582
697
588
1360
631
1034
559
510
1529
170
1445
685
145
325
175
279
225
146
226
231
143
267
178
177
274
94
248
303
96
275
320
139
317
297
117
321
334
111
241
242
231
