0
0
0
0
0
0
0
0
0
0
0
0
0
0
0
0
0
0
0
0
0
0
0
1721
1923
1963
1924
1963
1923
1964
1964
1962
1922
1964
1964
1963
1923
1962
1923
1963
1963
1963
1962
1962
1963
1963
1963
1963
1923
1963
1964
1923
1963
1964
1964
1922
1922
1964
1963
1963
1923
1963
1922
1924
1962
1963
1963
1922
1964
202
40
40
40
40
40
-1802
-1843
-1842
-1803
-1842
-1801
-1801
-1802
-1842
-1801
-1842
-1802
-1842
-1801
-1842
-202
0
0
0
40
40
40
40
40
40
40
40
40
40
40
40
40
40
40
40
40
40
40
40
40
40
0
-1762
-1843
-1842
-1801
-1802
-1841
-1843
-1842
-202
40
-1761
-1802
-1802
-1802
-1842
-1802
-1843
-1842
-1843
-162
161
-1802
-1803
-1843
-1802
-202
-1763
-1802
-1802
-1842
-1840
-1802
-1802
-202
0
0
0
1922
1964
1923
1922
1922
1964
1923
1922
1922
1923
1923
1964
1922
1963
1963
1923
1923
1963
1922
1924
1923
1963
1962
1963
1721
1923
1922
1922
1964
1922
1962
1963
1923
1923
0
0
0
0
0
0
0
0
0
0
0
0
0
0
0
0
0
0
0
0
0
0
0
0
