1845
1847
1846
1845
1846
1846
1847
1845
1846
1845
1845
1844
1846
1846
1846
1845
1846
1845
1845
1846
1846
1846
1845
1847
1847
1846
1846
1842
1843
1844
1846
1846
1846
1845
1844
1848
1847
1847
1845
1848
1846
1845
1846
1847
1847
1847
1845
1845
1845
1845
1845
1845
1846
1845
1847
1845
1848
1844
1845
1845
1846
1847
1844
1845
1846
1846
1845
1844
1846
1846
1846
1847
1846
1846
1847
1845
1845
1845
1848
1845
1844
1846
1849
1848
1846
1850
1847
1846
1846
1842
1844
1846
1846
1848
1843
1846
1845
1843
1845
1846
1845
1845
1845
1846
1846
1846
1847
1846
1846
1847
1847
1845
1846
1847
1846
1846
1845
1845
1847
1845
1845
1845
1846
1846
1846
1846
1847
1847
1849
1846
1847
1846
1847
1844
1846
1847
1845
1846
1845
1848
1845
1848
1846
1847
1846
1846
1846
1846
1845
1845
1846
1845
1845
1846
1845
1847
1846
1846
1845
1844
1845
1846
1845
1845
1845
1845
1845
1846
1846
1847
1846
1845
1845
1844
1843
1843
1845
1848
1844
1847
1844
1846
1847
1845
1846
1845
1844
1845
1846
1846
1845
1846
1847
1846
1846
1847
1846
1845
1845
1846
1847
1845
1845
1846
1844
1844
1848
1845
1847
1845
1846
1845
1843
1845
1846
1847
1847
1848
1844
1844
1845
1844
1846
1845
1846
1845
1845
1846
1846
1846
1845
1845
1848
1843
1845
1847
1843
1847
1845
1847
1847
1847
1847
1848
1846
1849
1846
1846
1849
1848
1844
1846
1846
1848
1847
1847
1848
1848
1848
1846
1847
1849
1847
1848
1850
1850
1851
1851
1851
1853
1852
1853
1853
1853
1852
1850
1853
1854
1853
1853
1854
1852
1854
1854
1855
1854
1853
1852
1856
1853
1853
1854
1852
1854
1854
1854
1854
1855
1853
1853
1855
1855
1853
1853
1852
1854
1853
1854
1855
1854
1853
1853
1855
1854
1852
1853
1853
1853
1853
1854
1853
1852
1852
1854
1853
1853
1854
1854
1853
1851
1852
1852
1853
1851
1852
1853
1853
1852
1850
1851
1852
1852
1852
1850
1851
1851
1850
1850
1849
1850
1849
1851
1851
1850
1850
1849
1850
1848
1850
1849
1849
1848
1846
1848
1848
1846
1848
1846
1847
1847
1846
1847
1848
1849
1847
1847
1847
1846
1846
1846
1848
1846
1847
1845
1847
1848
1847
1847
1846
1845
1845
1846
1847
1844
1847
1847
1845
1845
1846
1847
1845
1846
1844
1846
1846
1844
1844
1846
1847
1846
1847
1846
1845
1845
1849
1845
1845
1847
1846
1845
1847
1846
1847
1846
1846
1846
1844
1845
1846
1845
1844
1847
1847
1846
1846
1845
1847
1847
1847
1847
1846
1845
1846
1847
1845
1846
1845
1845
1847
1846
1846
1845
1847
1846
1846
1847
1845
1847
1847
1844
1846
1847
1844
1845
1846
1845
1847
1845
1847
1845
1845
1846
1845
1846
1846
1845
1846
1846
1844
1847
1846
1847
1846
1845
1847
1848
1847
1846
1847
1845
1845
1845
1847
1844
1846
1847
1845
1845
1845
1846
1843
1844
1848
1845
1848
1846
1847
1848
1846
1845
1846
1848
1847
1845
1845
1847
1845
1846
1846
1846
1846
1844
1845
1846
1845
1845
1846
1845
1847
1845
1846
1846
1845
1848
1845
1846
1846
1848
1846
1846
1846
1845
1847
1847
1845
1844
1846
1844
1847
1846
1847
1846
1846
1846
1844
1841
1845
1846
1845
1847
1845
1845
1846
1845
1847
1845
1847
1845
1845
1845
1847
1845
1845
1846
1846
1846
1846
1846
1843
1847
1848
1846
1846
1845
1846
1845
1845
1846
1845
1846
1847
1845
